-0.089676103448354
0.159717226815506
0.180403264441257
0.25414985739953
0.144253401096565
0.340106488686879
0.404229920781928
0.315295339221276
0.394951415737954
0.507168359988144
0.336316567030248
0.17215585530109
0.0721495724452089
0.206195499564333
0.0240935896424212
0.0923278650787114
0.235547970845915
0.367000943907913
0.455627768473927
0.40667374227554
0.295520625648258
0.0930572093973361
0.286331129126135
0.221869555478282
0.346663974412093
0.387194936651254
0.380335663484643
0.344212305779161
0.0964118571023253
0.116228536117463
0.176970853359045
0.123657671971937
-0.0478289242641551
0.0238846403165531
0.171447435177311
0.0928824486082655
0.253800612522227
0.143719233887449
0.0981555527592878
0.127164109519152
0.128086379263134
0.0687807741763482
0.0335029242853481
0.208997166389244
0.156848112704247
0.315808729658187
0.354005807276017
0.571710199040818
0.921683477923471
0.883971420467394
0.770306370275506
0.730835669721526
0.578576698959124
0.452991983845992
0.39215574059995
0.300100226582607
0.0412389932563408
0.124344145887295
0.141252336951126
0.00529964158575258
0.0241230971217727
-0.0543660938703342
0.240651826966819
0.278313678532396
0.124416617071576
0.355544754419311
0.362142021938182
0.0336224664916993
-0.200079944856272
0.105376626218525
0.217662119878479
-0.0338809455847992
-0.290126733356734
-0.524007626956078
-0.187990196471971
-0.0619519808759422
-0.00879956824392337
-0.0279119853048288
0.062166340010448
0.218482081880147
0.38691591637284
0.185291077211542
0.118593863105873
0.220445010951289
0.303142938041467
0.268682056818796
0.263231296220641
0.144617520816989
0.150663664684362
0.220507421309991
0.0503752398746002
-0.00556882219796852
-0.043373553228544
0.134213693125638
0.254862298755162
0.289173548288218
0.30430691279599
0.094578667463514
0.190692079251101
0.0929055325822335
