-0.0861939850317827
0.0338816900378329
0.841373193537888
-0.668109083552618
-0.210869602735491
0.207082866424709
0.067919515518584
1.00321592058082
-1.1956525434525
-0.321580675697379
-0.124976078572268
-0.354641055098813
-0.742557744155891
0.0772073705268133
0.526086424215039
-0.132551507009428
0.455216160237539
0.407135374546883
-0.0399953385239524
-0.23404408582426
-0.114444125748248
0.975045574453713
-0.612538969599182
-0.238623342177891
-0.0482968868487439
-0.0172215931648945
0.820001955994058
0.876361821269168
0.263693916674683
0.0993513132047549
-0.245584452276538
-0.472124968113291
0.118518948042552
0.0222353217672699
0.996759593765165
-1.03789633420565
-0.374415093166702
0.485000634287071
-0.55157377483997
-0.0646043642544463
0.179375891729451
0.282729278527742
0.140527997165765
0.21968311585268
0.55045969453538
0.308041319371131
-0.366435382778173
-0.435501482613851
1.57787948202759
-1.01762869514679
0.227319303839136
-0.295641836590696
-0.0328936917946146
-1.07466423334961
0.557166416323808
0.336178483903556
-0.0237163262401652
0.139684957665292
-0.302248291845196
-0.421712164256296
-0.397561260245607
-0.0993448575087757
-0.339694044305275
0.0421800029625455
-0.0330774619522401
0.263895950588377
-0.248576281448026
0.479241117702283
0.248123126881934
-0.657142407662976
-0.133511272273495
-0.599739966791639
-0.162696259862163
0.166848468940329
-0.4368231776856
0.296077046192302
-0.409412507953662
-0.111688564967803
-0.162335429313266
-0.190893477847624
-0.632767492193389
1.59777353229294
0.137534745930937
-0.24702816463584
0.204643458982604
0.0349875819816292
1.13434115074082
-0.518770908932503
0.147851938918759
-0.234065210029074
0.544132488524627
-0.352545329594845
-0.0773351393662541
0.0396938108800002
-0.263875980738082
-0.177586467631811
-0.497185069484332
0.899206441377248
-0.620194585702033
-0.532847055939436
